3 0.596094 0.395139 0.100000 0.265278
3 0.547656 0.579167 0.028125 0.375000
3 0.171094 0.443056 0.035937 0.352778
3 0.216797 0.192361 0.091406 0.137500
3 0.135156 0.135417 0.078125 0.093056
10 0.030833 0.064249 0.061665 0.128498
10 0.549022 0.062341 0.085878 0.124682
10 0.502505 0.251908 0.098760 0.132316
10 0.751551 0.480916 0.035782 0.366412
10 0.732228 0.667303 0.010019 0.003817
10 0.810949 0.209288 0.067271 0.138677
8 0.578006 0.880407 0.062261 0.048346
8 0.793416 0.672392 0.056536 0.036896
8 0.209089 0.678117 0.048664 0.022901
8 0.125716 0.536896 0.046517 0.038168
8 0.019024 0.547710 0.038048 0.034351
8 0.403030 0.398855 0.038645 0.026718
8 0.705033 0.568066 0.045802 0.034351
8 0.937619 0.383588 0.048664 0.029262
10 0.404103 0.026081 0.103769 0.052162