3 0.095312 0.395139 0.029687 0.259722
4 0.500391 0.397917 0.027344 0.256944
3 0.893750 0.387500 0.029687 0.255556
3 0.941406 0.281944 0.075000 0.166667
3 0.537500 0.280556 0.068750 0.163889
3 0.132422 0.290972 0.066406 0.156944
10 0.191913 0.318702 0.015744 0.288804
10 0.583015 0.130407 0.057968 0.085242
10 0.513955 0.101145 0.064408 0.059796
10 0.165434 0.096692 0.064408 0.073791
10 0.226622 0.139949 0.052242 0.086514
10 0.062739 0.188931 0.067987 0.080153
10 0.057371 0.034987 0.041508 0.069974
8 0.458850 0.468193 0.035782 0.027990
8 0.846732 0.466285 0.027195 0.024173
8 0.932252 0.559796 0.035067 0.027990
8 0.529699 0.573791 0.032920 0.030534
8 0.218392 0.430662 0.035782 0.024173
8 0.121064 0.589695 0.028626 0.029262
10 0.463502 0.184478 0.070849 0.073791