3 0.182031 0.782639 0.045312 0.434722
3 0.121484 0.606944 0.047656 0.425000
3 0.082812 0.384722 0.165624 0.144444
3 0.321484 0.476389 0.182031 0.191667
3 0.942969 0.775694 0.046875 0.448611
3 0.909375 0.194444 0.181250 0.183333
3 0.255859 0.231250 0.144531 0.148611
10 0.823831 0.374046 0.203244 0.139949
10 0.759423 0.636132 0.041508 0.302799
10 0.041567 0.145038 0.083134 0.099237
10 0.596255 0.124682 0.218989 0.109415
8 0.257753 0.926845 0.057252 0.036896
8 0.902552 0.879771 0.060115 0.031807
8 0.787333 0.968830 0.067271 0.044529
8 0.029759 0.980916 0.059518 0.038168