4 0.369531 0.500694 0.035937 0.329167
3 0.459375 0.346528 0.118750 0.234722
10 0.064453 0.345139 0.027344 0.301389
3 0.858594 0.467361 0.034375 0.337500
3 0.946875 0.306944 0.106250 0.244444
10 0.140744 0.124682 0.093750 0.104326
8 0.277075 0.608779 0.032920 0.029262
8 0.759065 0.560433 0.030773 0.026718
8 0.946565 0.681298 0.049380 0.031807
8 0.154699 0.526081 0.040076 0.024173
8 0.448473 0.737277 0.039361 0.034351
10 0.772304 0.183206 0.125954 0.119593
10 0.023676 0.068702 0.047352 0.073791
10 0.292820 0.204198 0.127385 0.097964