3 0.804297 0.409722 0.044531 0.436111
3 0.164844 0.450000 0.032813 0.436111
3 0.280078 0.156944 0.157031 0.186111
3 0.072656 0.075694 0.145312 0.106944
3 0.924609 0.116667 0.149219 0.166667
8 0.925095 0.679389 0.056536 0.035623
8 0.682133 0.553435 0.061546 0.038168
8 0.279580 0.746183 0.059399 0.034351
8 0.240577 0.494911 0.048664 0.022901
8 0.042700 0.579517 0.057968 0.041985
3 0.121780 0.240458 0.047233 0.376590
10 0.704318 0.061705 0.163168 0.123410
10 0.666388 0.236641 0.032920 0.221374
8 0.785544 0.445929 0.047948 0.031807