3 0.759375 0.768056 0.123438 0.072222
3 0.665234 0.892361 0.028906 0.215278
3 0.606250 0.777083 0.078125 0.087500
3 0.320703 0.589583 0.022656 0.226389
3 0.254297 0.464583 0.083594 0.070833
3 0.764453 0.221528 0.119531 0.070833
3 0.669922 0.358333 0.027344 0.241667
3 0.611328 0.217361 0.080469 0.076389
10 0.411328 0.462500 0.116406 0.063889
6 0.151121 0.534987 0.030057 0.041985
6 0.932252 0.807888 0.030773 0.030534
6 0.931894 0.274173 0.034351 0.039440
6 0.571207 0.500636 0.027195 0.031807
6 0.507514 0.283715 0.030057 0.038168