3 0.582812 0.445833 0.115625 0.202778
3 0.465625 0.440278 0.112500 0.213889
3 0.975391 0.436806 0.025781 0.287500
3 0.087109 0.414583 0.025781 0.290278
6 0.940124 0.613232 0.020754 0.022901
6 0.966603 0.613868 0.022185 0.016539
6 0.984494 0.634224 0.017891 0.026718
6 0.560115 0.604962 0.016460 0.026718
6 0.536498 0.608142 0.016460 0.033079
6 0.512166 0.578880 0.020754 0.017812
6 0.489265 0.580153 0.016460 0.017812
6 0.123927 0.608779 0.017176 0.024173
6 0.103888 0.613868 0.017176 0.026718
6 0.074547 0.587150 0.017176 0.019084
6 0.052362 0.589695 0.018607 0.016539