3 0.402734 0.455556 0.055469 0.113889
3 0.680469 0.431944 0.015625 0.175000
3 0.196094 0.441667 0.021875 0.175000
3 0.157812 0.031944 0.018750 0.063888
3 0.467969 0.447222 0.068750 0.130556
6 0.410840 0.533062 0.010298 0.014935
6 0.423984 0.531376 0.008943 0.011563
6 0.444444 0.538603 0.009214 0.015417
6 0.219919 0.549443 0.010569 0.014935
6 0.206911 0.550407 0.010569 0.018790
6 0.182791 0.546552 0.010027 0.018790
6 0.168970 0.541253 0.010027 0.014935
6 0.200000 0.100662 0.015718 0.022162
6 0.177778 0.099458 0.016260 0.022644
6 0.140650 0.081150 0.014634 0.018790
6 0.119783 0.080187 0.015176 0.018790
6 0.583268 0.073637 0.013638 0.022380
6 0.561762 0.074336 0.013638 0.022846
6 0.531340 0.060349 0.014162 0.020048
6 0.510228 0.056619 0.012851 0.018183
6 0.703121 0.547338 0.011015 0.019582
6 0.690270 0.550602 0.007868 0.014920
6 0.671650 0.539645 0.009966 0.015386
6 0.658668 0.540811 0.009704 0.013987
6 0.978694 0.077220 0.011775 0.021929
6 0.956406 0.076971 0.013176 0.022428
6 0.934399 0.057534 0.011214 0.018441
6 0.910429 0.057783 0.012616 0.023923