10 0.483203 0.335417 0.017969 0.031944
10 0.500000 0.333333 0.018750 0.036111
10 0.428516 0.337500 0.005469 0.047222
10 0.645703 0.397917 0.005469 0.040278
10 0.646875 0.247917 0.006250 0.040278
10 0.646094 0.322917 0.006250 0.037500
10 0.356641 0.414583 0.014844 0.029167
10 0.714844 0.243056 0.006250 0.044444
10 0.398047 0.412500 0.005469 0.038889
10 0.343359 0.413889 0.014844 0.030556
10 0.557422 0.330556 0.007031 0.050000
10 0.714844 0.319444 0.006250 0.038889
10 0.713330 0.396876 0.006361 0.037461
10 0.306006 0.417020 0.006759 0.036754