3 0.662891 0.231250 0.050781 0.087500
3 0.876563 0.236111 0.053125 0.094444
3 0.457031 0.218750 0.046875 0.084722
3 0.805859 0.195139 0.050781 0.059722
3 0.407681 0.615776 0.037929 0.063613
3 0.341484 0.605598 0.047233 0.058524
3 0.266698 0.590331 0.046517 0.055980
3 0.182968 0.582697 0.050811 0.058524
3 0.114623 0.566158 0.038645 0.045802
3 0.048068 0.561705 0.055821 0.054707
3 0.379413 0.184478 0.054389 0.053435
3 0.419847 0.232824 0.012166 0.137405
3 0.571923 0.188931 0.055821 0.062341
3 0.085639 0.586514 0.015029 0.109415