3 0.360938 0.427778 0.093750 0.141667
3 0.460547 0.431250 0.097656 0.134722
3 0.782031 0.415972 0.021875 0.209722
3 0.046875 0.393750 0.023438 0.209722
6 0.801765 0.573155 0.008946 0.027990
6 0.782979 0.574109 0.012166 0.022265
6 0.774034 0.548028 0.010019 0.020992
6 0.755964 0.551845 0.012524 0.019720
6 0.432848 0.549300 0.009661 0.024809
6 0.414062 0.547074 0.010019 0.029262
6 0.404043 0.522583 0.010735 0.022265
6 0.383111 0.522265 0.016102 0.021628
6 0.071267 0.549936 0.014313 0.029898
6 0.054091 0.552163 0.012882 0.027990
6 0.036379 0.531170 0.011808 0.021628
6 0.018667 0.530852 0.010019 0.026081