3 0.553906 0.427083 0.056250 0.106944
3 0.614844 0.422222 0.060937 0.113889
3 0.808203 0.422222 0.017969 0.150000
3 0.153516 0.438194 0.013281 0.115278
3 0.370312 0.418750 0.017188 0.148611
6 0.823771 0.522265 0.010019 0.017812
6 0.809280 0.523537 0.009661 0.013995
6 0.791388 0.514313 0.008230 0.014631
6 0.599952 0.507316 0.010377 0.015903
6 0.578125 0.498410 0.008946 0.013359
6 0.567748 0.497137 0.011808 0.012087
6 0.802481 0.512405 0.007514 0.010814
6 0.388836 0.513677 0.008946 0.017176
6 0.376491 0.516221 0.007872 0.015903
6 0.364683 0.506043 0.010019 0.013359
6 0.170384 0.520674 0.007872 0.013359
6 0.161081 0.524491 0.008588 0.015903
6 0.146052 0.516221 0.008588 0.014631
6 0.134781 0.516221 0.011093 0.012087