3 0.464844 0.394444 0.067187 0.125000
3 0.533203 0.396528 0.066406 0.129167
3 0.767969 0.386111 0.018750 0.163889
3 0.237500 0.376389 0.017188 0.172222
6 0.257156 0.490458 0.008946 0.016539
6 0.244633 0.491094 0.008946 0.020356
6 0.234256 0.478690 0.010377 0.010814
6 0.217975 0.479326 0.015029 0.015903
6 0.481333 0.474873 0.010735 0.013359
6 0.496541 0.475191 0.008946 0.017812
6 0.502803 0.486005 0.009303 0.015267
6 0.517295 0.484097 0.009661 0.016539
6 0.753996 0.490140 0.010019 0.013359
6 0.784878 0.500424 0.008349 0.016964
6 0.768478 0.498304 0.009542 0.021204