3 0.435156 0.400000 0.078125 0.177778
3 0.522656 0.400000 0.087500 0.183333
3 0.813281 0.371528 0.018750 0.276389
3 0.187500 0.409722 0.017188 0.247222
6 0.538618 0.537801 0.019700 0.022792
6 0.520013 0.540303 0.018136 0.020013
6 0.439806 0.536134 0.020325 0.021680
6 0.421513 0.538357 0.018762 0.018345
6 0.233583 0.564207 0.021263 0.020013
6 0.249844 0.561705 0.020013 0.022792
6 0.146967 0.557258 0.023765 0.022792
6 0.126173 0.561983 0.019700 0.017789
6 0.778455 0.548086 0.020325 0.017789
6 0.851939 0.553089 0.020325 0.021124