3 0.437500 0.398611 0.068750 0.097222
3 0.367969 0.396528 0.065625 0.095833
3 0.658594 0.388889 0.017188 0.150000
3 0.151953 0.370833 0.016406 0.141667
6 0.658943 0.481766 0.010331 0.014430
6 0.671857 0.476846 0.009593 0.012462
6 0.643816 0.482422 0.008855 0.014430
6 0.417466 0.462088 0.008486 0.014430
6 0.399388 0.466352 0.009962 0.017710
6 0.386105 0.465368 0.011437 0.014430
6 0.137166 0.466111 0.010735 0.013879
6 0.150178 0.466690 0.010084 0.013879
6 0.159123 0.461774 0.007807 0.010988
6 0.170183 0.459461 0.013012 0.012144