3 0.378125 0.452778 0.090625 0.163889
3 0.285938 0.447222 0.078125 0.166667
3 0.680078 0.444444 0.021094 0.233333
3 0.005078 0.425694 0.010156 0.223611
1 0.527344 0.229861 0.031250 0.054167
6 0.664228 0.595137 0.017891 0.022618
6 0.646138 0.596197 0.015903 0.019084
6 0.699812 0.592663 0.015903 0.023325
6 0.720089 0.596197 0.019879 0.016257
6 0.356698 0.568278 0.015903 0.016964
6 0.374390 0.568632 0.015506 0.017670
6 0.316145 0.569338 0.015108 0.017670
6 0.026240 0.573791 0.019323 0.020356
6 0.047710 0.574427 0.020754 0.021628