10 0.368750 0.330556 0.017188 0.033333
10 0.213281 0.347222 0.015625 0.030556
10 0.384375 0.329861 0.017188 0.031944
10 0.200391 0.348611 0.013281 0.027778
10 0.437109 0.327778 0.005469 0.047222
10 0.161328 0.348611 0.005469 0.038889
10 0.319531 0.331944 0.006250 0.047222
10 0.254890 0.344784 0.007156 0.038168
10 0.588502 0.369275 0.004652 0.024809
10 0.631620 0.367366 0.005725 0.028626
10 0.632156 0.322201 0.005367 0.028626
10 0.632514 0.275445 0.004652 0.025445
10 0.589754 0.277036 0.005725 0.028626
10 0.589218 0.323155 0.005367 0.029262