3 0.689063 0.601389 0.078125 0.133333
3 0.454297 0.572222 0.022656 0.172222
3 0.758984 0.606250 0.082031 0.134722
3 0.041406 0.267361 0.021875 0.176389
6 0.434590 0.683206 0.009160 0.016794
6 0.449761 0.683461 0.008015 0.014249
6 0.457920 0.686514 0.008302 0.014249
6 0.472233 0.685496 0.008302 0.014249
6 0.719990 0.691858 0.013168 0.018830
6 0.704103 0.687023 0.010592 0.014249
6 0.739170 0.688295 0.008015 0.012723
6 0.021231 0.368193 0.010305 0.019847
6 0.034399 0.373537 0.010878 0.016285
6 0.045134 0.372265 0.010592 0.014758
6 0.059733 0.373028 0.012309 0.015267