1 0.333984 0.232639 0.019531 0.034722
1 0.404297 0.293750 0.013281 0.018056
1 0.064062 0.334722 0.014063 0.019444
10 0.461023 0.342682 0.004667 0.032636
10 0.416217 0.343235 0.014624 0.024892
10 0.402371 0.343511 0.013068 0.027658
10 0.358499 0.342682 0.004978 0.034849
10 0.337963 0.342129 0.004356 0.024892
10 0.304514 0.339916 0.010890 0.020467
10 0.293468 0.342958 0.011201 0.023233
10 0.604464 0.342405 0.004045 0.024339
10 0.604153 0.394679 0.005912 0.022679
10 0.603375 0.445846 0.003734 0.022126
10 0.557013 0.445569 0.003734 0.023786
10 0.557947 0.393296 0.004978 0.024339
10 0.558258 0.345171 0.004356 0.023233