10 0.366797 0.281944 0.019531 0.036111
10 0.349609 0.283333 0.017969 0.036111
10 0.423438 0.280556 0.006250 0.052778
10 0.296094 0.283333 0.006250 0.047222
10 0.614844 0.301389 0.006250 0.033333
10 0.614453 0.361111 0.007031 0.036111
10 0.615508 0.240140 0.003578 0.030746
10 0.559299 0.245441 0.005666 0.032867
10 0.558703 0.302428 0.005666 0.032337
10 0.558256 0.365246 0.005964 0.031807
10 0.213253 0.311440 0.005964 0.049300
10 0.169718 0.319656 0.014313 0.028626
10 0.155405 0.322307 0.013120 0.026506
10 0.113510 0.320452 0.007455 0.037638