3 0.598437 0.393056 0.081250 0.119444
3 0.514453 0.393750 0.078906 0.118056
3 0.245703 0.377083 0.017969 0.173611
3 0.875000 0.365278 0.017188 0.175000
6 0.575838 0.493694 0.009023 0.019361
6 0.562614 0.493694 0.011824 0.022679
6 0.552035 0.472121 0.010579 0.017148
6 0.536011 0.474887 0.010268 0.016042
6 0.269665 0.513331 0.009646 0.023233
6 0.255196 0.514991 0.011201 0.021020
6 0.241194 0.492864 0.010579 0.017701
6 0.225170 0.492588 0.012135 0.017148
6 0.894769 0.501991 0.007779 0.022679
6 0.879678 0.506417 0.009957 0.024892
6 0.854319 0.482354 0.012757 0.019914