3 0.564453 0.460417 0.069531 0.137500
3 0.638672 0.457639 0.075781 0.145833
3 0.345703 0.470833 0.014844 0.188889
3 0.892188 0.435417 0.020313 0.206944
6 0.579550 0.556114 0.014690 0.016740
6 0.641887 0.567832 0.015820 0.016071
6 0.626256 0.567162 0.013936 0.017410
6 0.563919 0.556114 0.015820 0.014062
6 0.389338 0.586246 0.014690 0.018080
6 0.375590 0.587920 0.014313 0.020088
6 0.323423 0.573858 0.013183 0.013392
6 0.307227 0.579550 0.016196 0.015401
6 0.873183 0.561264 0.012111 0.014680
6 0.856118 0.563222 0.018717 0.016637
6 0.917499 0.576923 0.013762 0.024467
6 0.934030 0.578880 0.016265 0.019662