3 0.583203 0.669444 0.094531 0.163889
3 0.938672 0.338889 0.122656 0.238889
3 0.477344 0.671528 0.101563 0.181944
3 0.137891 0.659722 0.025781 0.244444
3 0.791406 0.323611 0.151562 0.272222
3 0.286328 0.297222 0.027344 0.350000
3 0.928444 0.672641 0.024076 0.242504
6 0.947281 0.835878 0.010735 0.035623
6 0.927958 0.835242 0.013597 0.026718
6 0.906131 0.807252 0.017176 0.021628
6 0.549738 0.813613 0.011450 0.031807
6 0.529342 0.818066 0.010735 0.030534
6 0.509303 0.788168 0.010735 0.019084
6 0.530057 0.787532 0.013597 0.015267
6 0.118917 0.807252 0.014313 0.021628
6 0.140744 0.802163 0.015029 0.024173