1 0.225000 0.277083 0.017188 0.034722
1 0.467969 0.307639 0.014063 0.023611
10 0.491555 0.362595 0.005153 0.029008
10 0.452338 0.363613 0.012023 0.020865
10 0.440172 0.366158 0.012882 0.022901
10 0.403387 0.362341 0.004580 0.026463
10 0.376193 0.361069 0.005153 0.022901
10 0.346422 0.360305 0.011450 0.017303
10 0.335687 0.359033 0.009447 0.022901
10 0.306059 0.359796 0.004580 0.024427
10 0.614218 0.366158 0.003721 0.019847
10 0.613788 0.407888 0.004580 0.019847
10 0.613502 0.449873 0.004580 0.018321
10 0.575000 0.448346 0.003721 0.019338
10 0.575143 0.406361 0.003435 0.018830
10 0.575859 0.364631 0.003721 0.015776