3 0.650391 0.469444 0.069531 0.138889
3 0.723437 0.469444 0.073438 0.133333
3 0.112891 0.647222 0.067969 0.605556
3 0.408594 0.442361 0.020313 0.187500
3 0.975781 0.464583 0.020313 0.176389
6 0.434160 0.567314 0.008783 0.023132
6 0.417570 0.569049 0.009434 0.018506
6 0.404884 0.563845 0.009434 0.018506
6 0.390245 0.562977 0.008132 0.019084
6 0.666096 0.558062 0.012036 0.019662
6 0.682035 0.560375 0.007482 0.015036
6 0.691631 0.563555 0.009108 0.015614
6 0.707733 0.564423 0.011385 0.020819
6 0.958731 0.580789 0.009303 0.021628
6 0.995939 0.586109 0.008122 0.021397
6 0.980330 0.586398 0.008132 0.015036
6 0.972523 0.579170 0.007482 0.022554