3 0.595313 0.485417 0.078125 0.109722
3 0.338281 0.456944 0.018750 0.175000
3 0.945313 0.472222 0.017188 0.175000
3 0.678125 0.481944 0.081250 0.125000
6 0.320037 0.566893 0.008503 0.017179
6 0.334145 0.567237 0.009663 0.015117
6 0.343035 0.559335 0.011209 0.008933
6 0.359462 0.557617 0.010049 0.015117
6 0.616690 0.568611 0.008890 0.013743
6 0.632344 0.570329 0.008503 0.015804
6 0.652829 0.557617 0.008503 0.016491
6 0.639108 0.560709 0.006571 0.010307
6 0.958986 0.579323 0.010027 0.015279
6 0.942513 0.586962 0.008594 0.018674
6 0.926996 0.589933 0.008117 0.016128