4 0.537500 0.426389 0.117188 0.247222
4 0.425000 0.454861 0.107813 0.243056
3 0.067187 0.428472 0.029687 0.315278
3 0.912891 0.432639 0.027344 0.326389
6 0.543607 0.616531 0.023651 0.029564
6 0.520880 0.619816 0.022542 0.024308
6 0.427753 0.613246 0.026238 0.017738
6 0.405395 0.612589 0.022912 0.022994
6 0.115115 0.639854 0.024021 0.022337
6 0.019956 0.631642 0.032520 0.024308
6 0.137236 0.638519 0.024715 0.024860
6 0.871341 0.645303 0.026423 0.024571
6 0.844512 0.645303 0.023171 0.024571
6 0.958333 0.657588 0.025610 0.027462
6 0.985163 0.654336 0.023984 0.035411