3 0.537109 0.434722 0.080469 0.141667
3 0.454688 0.429861 0.076563 0.143056
3 0.803906 0.433333 0.018750 0.200000
3 0.195703 0.419444 0.019531 0.197222
3 0.978516 0.361111 0.011719 0.088889
6 0.476103 0.533088 0.008617 0.015931
6 0.517291 0.529718 0.011029 0.015319
6 0.492130 0.532475 0.009651 0.015931
6 0.500057 0.527880 0.009651 0.016544
6 0.221392 0.534620 0.012753 0.015319
6 0.203987 0.536152 0.011719 0.015931
6 0.191406 0.539828 0.009306 0.013480
6 0.174173 0.541054 0.010685 0.018382
6 0.821461 0.551777 0.009306 0.015319
6 0.803022 0.557598 0.012408 0.014706
6 0.783720 0.557598 0.011029 0.014706