3 0.423828 0.409028 0.102344 0.204167
3 0.530078 0.413889 0.107031 0.183333
3 0.089453 0.374306 0.021094 0.256944
3 0.877734 0.418750 0.022656 0.245833
10 0.571484 0.967361 0.011719 0.065278
6 0.897185 0.588422 0.009303 0.024173
6 0.876789 0.587786 0.012882 0.020356
6 0.853173 0.580153 0.011450 0.020356
6 0.500224 0.543621 0.009752 0.022174
6 0.476134 0.542227 0.014313 0.027869
6 0.450916 0.536775 0.012950 0.021810
6 0.114320 0.528479 0.017065 0.025445
6 0.087896 0.529458 0.019267 0.021531
6 0.060613 0.524520 0.015614 0.021975
10 0.969823 0.983461 0.010019 0.033078
10 0.811307 0.990458 0.027910 0.019084
10 0.726503 0.986641 0.022901 0.026718