3 0.461328 0.354167 0.091406 0.177778
3 0.556250 0.352778 0.093750 0.175000
10 0.678628 0.840278 0.044306 0.083333
10 0.888672 0.835417 0.008594 0.123611
3 0.864453 0.352083 0.025781 0.229167
10 0.726563 0.835417 0.050000 0.095833
3 0.158203 0.329167 0.022656 0.222222
6 0.528955 0.469223 0.011587 0.021204
6 0.508849 0.468617 0.010905 0.017569
6 0.488913 0.467103 0.009201 0.023022
6 0.182809 0.471162 0.010496 0.021204
6 0.161578 0.470738 0.014790 0.020356
6 0.139870 0.469890 0.014313 0.020356
6 0.887670 0.494416 0.008349 0.020498
6 0.868586 0.493709 0.009144 0.021911
6 0.850694 0.491589 0.008349 0.023325
10 0.516327 0.816016 0.005964 0.115211