3 0.682422 0.932639 0.027344 0.134722
3 0.272266 0.577083 0.017969 0.179167
3 0.698047 0.545139 0.019531 0.209722
3 0.348438 0.922917 0.021875 0.154166
3 0.361328 0.032639 0.028906 0.065278
3 0.685937 0.422222 0.025000 0.233333
10 0.442969 0.571528 0.064062 0.134722
10 0.497853 0.575064 0.056536 0.137405
10 0.354723 0.466921 0.026479 0.201018
6 0.752624 0.691476 0.020754 0.026718
6 0.735448 0.691476 0.020754 0.026718
6 0.658516 0.672392 0.024332 0.016539
6 0.641341 0.680025 0.022901 0.029262
6 0.317510 0.700382 0.022185 0.024173
6 0.304986 0.695929 0.021469 0.025445
6 0.230916 0.692112 0.022185 0.027990
6 0.213383 0.690840 0.021469 0.033079