3 0.513672 0.475694 0.088281 0.159722
3 0.423828 0.474306 0.086719 0.162500
3 0.809375 0.481944 0.018750 0.219444
3 0.130859 0.443750 0.019531 0.226389
6 0.830749 0.627045 0.011246 0.030898
6 0.811069 0.625682 0.014824 0.026354
6 0.789088 0.613868 0.011757 0.028172
6 0.489282 0.592512 0.012268 0.029080
6 0.466024 0.590240 0.017891 0.028172
6 0.444554 0.577972 0.010735 0.027263
6 0.152161 0.590240 0.015847 0.026354
6 0.134269 0.591149 0.011757 0.026354
6 0.122001 0.579789 0.009712 0.029080
6 0.100787 0.578880 0.016358 0.021810