3 0.842969 0.628472 0.026562 0.334722
3 0.374219 0.453472 0.018750 0.240278
3 0.536328 0.556944 0.055469 0.183333
6 0.315965 0.689325 0.036805 0.036108
6 0.256529 0.755150 0.031074 0.039319
6 0.443078 0.851357 0.031352 0.040289
6 0.503056 0.782079 0.033397 0.033806
6 0.764618 0.950311 0.051686 0.069975
6 0.947996 0.783079 0.067987 0.057252
3 0.604127 0.581425 0.070134 0.162850
6 0.431832 0.840300 0.034079 0.041197
6 0.490787 0.769417 0.033397 0.036350
6 0.303356 0.676421 0.032715 0.030898
6 0.240140 0.749122 0.038509 0.047861
6 0.449931 0.569338 0.038566 0.017670
6 0.660451 0.640020 0.037373 0.036047