3 0.758594 0.435417 0.050000 0.098611
3 0.710156 0.441667 0.043750 0.094444
3 0.232031 0.465972 0.031250 0.065278
3 0.265625 0.464583 0.035937 0.070833
3 0.930078 0.412500 0.008594 0.122222
3 0.376172 0.465278 0.014844 0.108333
3 0.562109 0.436111 0.016406 0.133333
3 0.130469 0.465972 0.009375 0.101389
6 0.396251 0.528663 0.014758 0.009839
6 0.360648 0.525384 0.009962 0.009839
6 0.548074 0.516201 0.011437 0.011150
6 0.581833 0.518169 0.011068 0.012462
6 0.590688 0.519481 0.010331 0.011150
6 0.750074 0.507346 0.011806 0.017054
6 0.761696 0.507346 0.009224 0.011806
6 0.718160 0.505051 0.012913 0.008527
6 0.268226 0.519808 0.011068 0.007871
6 0.275605 0.521120 0.008855 0.007871
6 0.226535 0.520464 0.011806 0.009183
6 0.155328 0.528991 0.016234 0.011806
6 0.110500 0.528007 0.017341 0.008527
6 0.944433 0.516174 0.009131 0.014430
6 0.955932 0.516174 0.009808 0.010823
6 0.919068 0.513468 0.010484 0.012626
6 0.904863 0.514069 0.012514 0.012626