3 0.423828 0.643056 0.047656 0.105556
4 0.378516 0.366667 0.103906 0.236111
3 0.487500 0.366667 0.104688 0.233333
3 0.933203 0.368750 0.035156 0.393056
3 0.055859 0.323611 0.021094 0.291667
3 0.377734 0.644444 0.046094 0.111111
6 0.883230 0.625318 0.041508 0.031807
6 0.982765 0.631043 0.034470 0.033079
6 0.849952 0.626590 0.033635 0.036896
10 0.584804 0.668575 0.018607 0.164122
10 0.238788 0.604326 0.015029 0.152672
6 0.125000 0.524173 0.032204 0.027990
6 0.148934 0.524173 0.022901 0.020356
6 0.366845 0.534749 0.038466 0.024650
6 0.489847 0.538327 0.023259 0.020674
6 0.516236 0.547869 0.026837 0.027036