3 0.524609 0.422222 0.067969 0.130556
3 0.593750 0.424306 0.067187 0.131944
3 0.324219 0.427778 0.012500 0.177778
3 0.817969 0.404861 0.015625 0.176389
6 0.290103 0.523396 0.013120 0.017670
6 0.305807 0.520215 0.015903 0.016964
6 0.342783 0.531524 0.013518 0.019791
6 0.358288 0.530464 0.015108 0.019084
6 0.529448 0.507492 0.014711 0.016964
6 0.578549 0.517034 0.011132 0.021911
6 0.591669 0.519155 0.014313 0.019084
6 0.788473 0.518801 0.015108 0.018377
6 0.807358 0.519155 0.017891 0.020498
6 0.545136 0.504665 0.011927 0.015903
6 0.833781 0.523219 0.013717 0.016964
6 0.849137 0.521628 0.012822 0.018024