10 0.700781 0.418750 0.006250 0.045833
10 0.701562 0.335417 0.006250 0.040278
10 0.491406 0.414583 0.007813 0.062500
10 0.702734 0.247222 0.007031 0.044444
10 0.393750 0.413889 0.023438 0.047222
10 0.418359 0.415972 0.028906 0.043056
10 0.623755 0.246985 0.006534 0.043700
10 0.622822 0.334384 0.007156 0.043700
10 0.620955 0.420677 0.006534 0.040381
10 0.324427 0.407678 0.008401 0.047572
10 0.191502 0.358001 0.007554 0.068561
10 0.126299 0.350226 0.023457 0.044529
10 0.104432 0.355881 0.021867 0.045943