3 0.401172 0.363889 0.050781 0.105556
3 0.353125 0.368750 0.042188 0.095833
3 0.758984 0.036111 0.022656 0.072222
3 0.753516 0.384028 0.027344 0.179167
3 0.751563 0.775000 0.025000 0.183333
3 0.211719 0.367361 0.014063 0.140278
3 0.469531 0.056250 0.025000 0.112500
6 0.719346 0.070611 0.024332 0.026718
6 0.796279 0.103053 0.023616 0.035623
6 0.715768 0.473282 0.025763 0.030534
6 0.789122 0.487913 0.020754 0.026718
6 0.793058 0.876590 0.024332 0.022901
6 0.714337 0.882952 0.032920 0.027990
6 0.506083 0.840331 0.025763 0.021628
3 0.464218 0.738550 0.017891 0.179389
6 0.510019 0.493639 0.023616 0.025445
6 0.183683 0.452290 0.025048 0.021628
6 0.242009 0.462468 0.024332 0.026718
6 0.346851 0.440840 0.030773 0.024173
6 0.405892 0.443384 0.022901 0.026718
6 0.430940 0.124046 0.024332 0.024173
6 0.512166 0.145674 0.022185 0.029262