0 0.173828 0.088889 0.024219 0.044444
0 0.159375 0.790972 0.039063 0.065278
3 0.807422 0.389583 0.017969 0.190278
3 0.573047 0.397222 0.071094 0.130556
3 0.502344 0.396528 0.064062 0.137500
3 0.282813 0.380556 0.017188 0.186111
6 0.841365 0.507634 0.017891 0.017812
6 0.826336 0.513995 0.017891 0.020356
6 0.789122 0.508906 0.016460 0.025445
6 0.774451 0.512087 0.015744 0.016539
6 0.572281 0.493003 0.017891 0.024173
6 0.559041 0.493003 0.018607 0.021628
6 0.515029 0.491094 0.019323 0.020356
6 0.305635 0.504170 0.017043 0.023608
6 0.260615 0.498728 0.017176 0.017812