3 0.387891 0.457639 0.024219 0.254167
3 0.734766 0.498611 0.096094 0.186111
3 0.842578 0.504861 0.108594 0.179167
6 0.410902 0.619547 0.012013 0.019538
6 0.385982 0.619547 0.015847 0.017721
6 0.361573 0.612277 0.009457 0.021356
10 0.730081 0.269720 0.051527 0.101781
10 0.799141 0.278626 0.059399 0.091603
10 0.527910 0.253817 0.017891 0.148855
6 0.508522 0.354699 0.007650 0.013600
6 0.537641 0.361060 0.006663 0.014916
6 0.522588 0.357331 0.009624 0.015355
6 0.777877 0.360402 0.006416 0.012723
6 0.761837 0.359086 0.007403 0.010968
6 0.749375 0.356015 0.006663 0.016232