3 0.459375 0.479861 0.098437 0.190278
3 0.562500 0.469444 0.101563 0.205556
3 0.900781 0.433333 0.032813 0.266667
3 0.130078 0.472917 0.035156 0.259722
3 0.794922 0.940278 0.017969 0.119444
10 0.599219 0.959722 0.048438 0.080556
10 0.524219 0.958333 0.051562 0.083333
3 0.337891 0.941667 0.017969 0.116666
6 0.471014 0.598523 0.013786 0.018224
6 0.491516 0.598523 0.014493 0.016967
6 0.529516 0.619261 0.014846 0.025765
6 0.550725 0.617376 0.012725 0.029535
6 0.176918 0.641884 0.017321 0.025765
6 0.152704 0.642826 0.018381 0.018852
6 0.107989 0.629630 0.018028 0.023880
6 0.083952 0.629944 0.022976 0.018224
6 0.941322 0.619575 0.014846 0.026393
6 0.919406 0.622403 0.013432 0.030792
6 0.888123 0.601979 0.017321 0.018852
6 0.865323 0.598209 0.015553 0.030164