3 0.518359 0.469444 0.100781 0.197222
3 0.623437 0.469444 0.098437 0.177778
3 0.965234 0.459028 0.027344 0.259722
3 0.187109 0.442361 0.019531 0.251389
6 0.606975 0.611182 0.014121 0.022061
6 0.585794 0.610422 0.014549 0.022061
6 0.551562 0.592545 0.017116 0.021300
6 0.529739 0.592545 0.017972 0.016736
6 0.229996 0.618029 0.016688 0.034232
6 0.206889 0.618790 0.018400 0.028146
6 0.169448 0.606618 0.017116 0.022061
6 0.150620 0.603575 0.017116 0.020539
6 0.982028 0.642752 0.014549 0.027386
6 0.949294 0.625256 0.017544 0.022821
6 0.926401 0.628679 0.020539 0.019018