3 0.640234 0.427778 0.077344 0.150000
3 0.564063 0.427083 0.075000 0.143056
3 0.307031 0.423611 0.020313 0.191667
3 0.903906 0.395139 0.018750 0.204167
6 0.286962 0.548128 0.010238 0.016059
6 0.302620 0.549734 0.010238 0.018201
6 0.320235 0.557228 0.009937 0.014989
6 0.336344 0.555087 0.010238 0.014989
6 0.627522 0.524842 0.009636 0.015524
6 0.611262 0.525645 0.010238 0.019271
6 0.599669 0.518686 0.009335 0.018201
6 0.580397 0.519221 0.011743 0.018201
6 0.925324 0.529124 0.008431 0.018736
6 0.907558 0.528054 0.009033 0.021948
6 0.898826 0.523771 0.009636 0.016595
6 0.881662 0.525645 0.012045 0.014989