10 0.685547 0.284722 0.005469 0.041667
10 0.466406 0.386806 0.017188 0.034722
10 0.449219 0.384722 0.017188 0.036111
10 0.627734 0.339583 0.007031 0.031944
10 0.628125 0.281250 0.006250 0.037500
10 0.522480 0.388949 0.007497 0.043621
10 0.397072 0.382891 0.007497 0.044832
10 0.683842 0.407731 0.007156 0.035139
10 0.626590 0.407125 0.008520 0.033927
10 0.684694 0.340482 0.006134 0.035139
10 0.247296 0.393796 0.007838 0.044832
10 0.176924 0.392585 0.021129 0.033927
10 0.124443 0.386526 0.007497 0.049679