3 0.372656 0.447917 0.071875 0.143056
3 0.295703 0.445833 0.078906 0.147222
10 0.860547 0.620139 0.033594 0.062500
3 0.632813 0.436806 0.018750 0.195833
3 0.041797 0.435417 0.019531 0.193056
10 0.751172 0.611806 0.011719 0.084722
10 0.896094 0.620833 0.028125 0.061111
6 0.618042 0.554230 0.011629 0.015373
6 0.636530 0.556351 0.011033 0.020674
6 0.653676 0.556086 0.009542 0.021204
6 0.355787 0.539387 0.009542 0.020674
6 0.335063 0.539917 0.016400 0.020674
6 0.318663 0.535941 0.008051 0.020144
6 0.022861 0.554495 0.012822 0.015903