3 0.367969 0.393750 0.093750 0.193056
3 0.804297 0.414583 0.025781 0.248611
3 0.045703 0.351389 0.024219 0.241667
3 0.463672 0.403472 0.092969 0.179167
6 0.831065 0.579629 0.012629 0.017213
6 0.809595 0.577009 0.013471 0.020955
6 0.792967 0.570648 0.013892 0.018710
6 0.771077 0.568777 0.014734 0.017961
6 0.449666 0.527616 0.015997 0.017961
6 0.428828 0.527241 0.014734 0.023200
6 0.405043 0.518261 0.013471 0.017213
6 0.384837 0.519009 0.015997 0.018710
6 0.080265 0.507035 0.015576 0.021703
6 0.058164 0.510403 0.015155 0.022452
6 0.031011 0.501048 0.018102 0.018710
6 0.007648 0.497680 0.015155 0.020955