3 0.500781 0.293056 0.014063 0.166667
4 0.357422 0.331250 0.047656 0.115278
3 0.315625 0.336806 0.035937 0.106944
3 0.197656 0.354167 0.015625 0.136111
6 0.535879 0.419847 0.015208 0.015903
6 0.451567 0.406330 0.013418 0.011132
6 0.231341 0.460129 0.015088 0.018540
6 0.546614 0.417263 0.015655 0.016301
6 0.462078 0.403944 0.015655 0.013518
6 0.241904 0.454238 0.016773 0.017891
6 0.150324 0.445491 0.013418 0.013120
6 0.163183 0.442708 0.011406 0.011530
6 0.297569 0.414193 0.016168 0.009424
6 0.370459 0.426209 0.016698 0.016492