10 0.267969 0.254167 0.023438 0.036111
10 0.247266 0.256944 0.019531 0.033333
10 0.436719 0.226389 0.006250 0.044444
10 0.437109 0.132639 0.005469 0.040278
10 0.341016 0.243056 0.005469 0.055556
10 0.182031 0.255556 0.004687 0.052778
10 0.088281 0.238889 0.015625 0.027778
10 0.037500 0.240972 0.004687 0.043056
10 0.102734 0.238889 0.016406 0.030556
10 0.436328 0.320139 0.005469 0.043056
10 0.514453 0.220139 0.007031 0.045833
10 0.515234 0.125000 0.007031 0.041667
10 0.155078 0.230556 0.005469 0.044444
10 0.515257 0.321209 0.007416 0.052088