3 0.291016 0.338194 0.021094 0.037500
3 0.272266 0.338194 0.017969 0.037500
3 0.107031 0.357639 0.017188 0.031944
3 0.092578 0.356944 0.014844 0.030556
3 0.048828 0.358333 0.005469 0.041667
3 0.214844 0.338889 0.006250 0.052778
3 0.354687 0.335417 0.006250 0.056944
10 0.548047 0.379861 0.005469 0.029167
3 0.153125 0.356250 0.006250 0.045833
10 0.600781 0.268056 0.006250 0.033333
10 0.548828 0.325000 0.005469 0.030556
10 0.549609 0.269444 0.005469 0.033333
10 0.600549 0.323560 0.005205 0.029493
10 0.599898 0.381101 0.005205 0.034698