3 0.608594 0.429167 0.082812 0.152778
3 0.524609 0.427778 0.080469 0.144444
3 0.260156 0.404167 0.012500 0.180556
3 0.883203 0.415972 0.017969 0.206944
6 0.289182 0.547710 0.010735 0.019084
6 0.272185 0.551527 0.012524 0.019084
6 0.248390 0.533715 0.013597 0.019084
6 0.232288 0.534351 0.011450 0.017812
6 0.542521 0.524173 0.013597 0.012723
6 0.558802 0.524173 0.011808 0.015267
6 0.577588 0.539758 0.012882 0.017176
6 0.594764 0.537532 0.012166 0.019084
6 0.910723 0.554071 0.010735 0.016539
6 0.892832 0.561387 0.008588 0.019720
6 0.874940 0.540076 0.009303 0.013995
6 0.859017 0.543257 0.011808 0.015267