3 0.765234 0.414583 0.027344 0.276389
3 0.389453 0.409722 0.111719 0.188889
3 0.275391 0.403472 0.105469 0.195833
6 0.302416 0.544761 0.014638 0.020819
6 0.330066 0.548230 0.016590 0.019662
6 0.785479 0.593049 0.010084 0.017927
6 0.763359 0.591603 0.012687 0.019662
6 0.737823 0.589868 0.011060 0.021975
6 0.669186 0.302163 0.007156 0.015614
6 0.654873 0.301874 0.011060 0.016192
6 0.640723 0.296958 0.008132 0.015614
6 0.419522 0.276139 0.010084 0.014458
6 0.403257 0.272091 0.008783 0.016771
6 0.389432 0.268621 0.010409 0.016771
10 0.656369 0.193384 0.015744 0.157761
10 0.438454 0.192112 0.069418 0.101781
10 0.370110 0.194020 0.058683 0.103053
10 0.152910 0.165394 0.015029 0.137405
10 0.730439 0.199746 0.000716 0.000000