3 0.449219 0.478472 0.096875 0.193056
3 0.551953 0.477083 0.102344 0.176389
3 0.885547 0.477778 0.027344 0.247222
3 0.120703 0.447917 0.025781 0.245833
6 0.085281 0.599237 0.014313 0.027990
6 0.105677 0.603053 0.017891 0.022901
6 0.129294 0.616412 0.016460 0.026718
6 0.147901 0.620229 0.015029 0.031807
6 0.465649 0.608779 0.016460 0.026718
6 0.487118 0.609415 0.020754 0.027990
6 0.505367 0.622137 0.015744 0.030534
6 0.523974 0.624682 0.015744 0.030534
6 0.911657 0.662108 0.014909 0.030746
6 0.891082 0.664228 0.013120 0.026506
6 0.875278 0.647265 0.010138 0.028626
6 0.855896 0.649385 0.017891 0.022265