3 0.143359 0.432639 0.136719 0.226389
3 0.570703 0.417361 0.024219 0.306944
3 0.517578 0.204861 0.032031 0.279167
3 0.507422 0.856944 0.039844 0.286111
3 0.037109 0.450000 0.074218 0.191667
6 0.481996 0.376992 0.021469 0.028124
6 0.553372 0.378666 0.021093 0.039507
6 0.530585 0.629101 0.017703 0.032811
6 0.610248 0.630106 0.016573 0.032141
6 0.126431 0.590264 0.019210 0.026115
6 0.100254 0.589259 0.019586 0.022767
6 0.069179 0.590599 0.019963 0.030802
6 0.041118 0.586916 0.021846 0.030133
6 0.556762 0.629771 0.016573 0.024776
6 0.582563 0.634793 0.013936 0.017410