3 0.374219 0.434028 0.056250 0.093056
3 0.632031 0.429861 0.015625 0.129167
3 0.178906 0.408333 0.015625 0.130556
3 0.434375 0.436111 0.060937 0.088889
3 0.965234 0.237500 0.013281 0.088889
3 0.961328 0.450000 0.013281 0.083333
3 0.956250 0.662500 0.012500 0.080556
6 0.644130 0.524809 0.008257 0.018105
6 0.631606 0.524075 0.007982 0.018595
6 0.617981 0.510619 0.006606 0.014191
6 0.416774 0.505481 0.007156 0.016637
6 0.404938 0.504991 0.006606 0.019573
6 0.390763 0.492513 0.007432 0.014191
6 0.193271 0.502789 0.008808 0.016148
6 0.181986 0.502300 0.009358 0.020063
6 0.165471 0.489088 0.013762 0.016148