10 0.525000 0.427083 0.012500 0.054167
10 0.480078 0.272917 0.021094 0.029167
10 0.457813 0.275000 0.023438 0.025000
10 0.398438 0.284028 0.007813 0.045833
10 0.207422 0.405556 0.010156 0.055556
10 0.163672 0.398611 0.016406 0.036111
10 0.146484 0.402083 0.014844 0.034722
10 0.103516 0.400000 0.008594 0.047222
10 0.736719 0.359028 0.004687 0.034722
10 0.681641 0.360417 0.005469 0.031944
10 0.737500 0.417361 0.007813 0.031944
10 0.736328 0.478472 0.007031 0.029167
10 0.681641 0.477778 0.005469 0.030556
10 0.682422 0.415972 0.007031 0.031944