4 0.812891 0.393750 0.016406 0.159722
3 0.599609 0.400000 0.064844 0.122222
3 0.327734 0.385417 0.016406 0.154167
4 0.535156 0.398611 0.062500 0.122222
6 0.350554 0.501939 0.009883 0.016358
6 0.337434 0.500727 0.008860 0.012723
6 0.318861 0.484672 0.009201 0.012117
6 0.306252 0.483763 0.011246 0.010299
6 0.587911 0.492548 0.008860 0.016964
6 0.574450 0.491942 0.007838 0.016964
6 0.558263 0.476796 0.008860 0.013328
6 0.544631 0.476796 0.010905 0.012117
6 0.833785 0.510930 0.009108 0.017927
6 0.819960 0.510062 0.009434 0.016192
6 0.805972 0.492135 0.006181 0.015036
6 0.791985 0.492135 0.008132 0.012723