10 0.556250 0.272917 0.017188 0.026389
10 0.495312 0.279861 0.006250 0.037500
10 0.605767 0.268524 0.005294 0.031997
10 0.469720 0.302403 0.005647 0.029487
10 0.432136 0.308677 0.013058 0.018194
10 0.419784 0.311814 0.012352 0.018194
10 0.383258 0.312441 0.004941 0.029487
10 0.691694 0.269841 0.005141 0.025493
10 0.734984 0.267436 0.004600 0.024531
10 0.735931 0.315536 0.004329 0.024531
10 0.735795 0.362193 0.004058 0.021645
10 0.691694 0.366041 0.004058 0.021645
10 0.691558 0.320587 0.004329 0.024050
10 0.541054 0.277588 0.014952 0.019746