3 0.729297 0.458333 0.075781 0.136111
3 0.432422 0.440278 0.016406 0.166667
3 0.658203 0.462500 0.067969 0.127778
3 0.967578 0.460417 0.019531 0.170833
6 0.421974 0.551499 0.012446 0.014382
6 0.406105 0.552052 0.011824 0.014382
6 0.440487 0.547074 0.009023 0.015488
6 0.683497 0.552882 0.013380 0.018254
6 0.669495 0.552329 0.010890 0.017148
6 0.715701 0.550393 0.010579 0.017701
6 0.701699 0.550669 0.011201 0.017148
6 0.960219 0.580092 0.013291 0.015146
6 0.945224 0.578577 0.012609 0.019387
6 0.990208 0.577063 0.011927 0.016358
6 0.974362 0.575851 0.012950 0.016358