3 0.639062 0.473611 0.095312 0.177778
3 0.539063 0.469444 0.087500 0.166667
3 0.974609 0.462500 0.022656 0.230556
3 0.217969 0.449306 0.018750 0.220833
6 0.616827 0.590896 0.010072 0.016964
6 0.595756 0.589954 0.010867 0.013194
6 0.582370 0.593252 0.009012 0.013194
6 0.561431 0.590189 0.011662 0.015550
6 0.248666 0.595373 0.012193 0.020262
6 0.229317 0.596786 0.010072 0.020262
6 0.211426 0.596080 0.011927 0.016964
6 0.192209 0.595844 0.012193 0.021204
6 0.947154 0.622593 0.012409 0.020539
6 0.974112 0.621452 0.016688 0.019778
6 0.996363 0.621832 0.007274 0.019018
10 0.753958 0.025080 0.011981 0.050159
10 0.752888 0.149432 0.008130 0.047925
10 0.752460 0.277611 0.008130 0.038035