3 0.616406 0.443056 0.073438 0.141667
3 0.696484 0.445833 0.078906 0.144444
3 0.366406 0.433333 0.020313 0.191667
3 0.960938 0.436806 0.020313 0.198611
6 0.683909 0.552021 0.013518 0.021204
6 0.667210 0.555202 0.015903 0.020498
6 0.643554 0.537178 0.014711 0.011309
6 0.625464 0.537532 0.013518 0.012016
6 0.395860 0.561917 0.011530 0.024032
6 0.379559 0.561917 0.012325 0.018377
6 0.353517 0.546720 0.011927 0.013429
6 0.337415 0.549194 0.014711 0.014136
6 0.986403 0.571022 0.010945 0.020955
6 0.971248 0.571022 0.013471 0.017961
6 0.949357 0.557177 0.010945 0.014219
6 0.932729 0.556054 0.016418 0.014968