10 0.245703 0.285417 0.019531 0.040278
10 0.266406 0.285417 0.021875 0.043056
10 0.035937 0.324306 0.015625 0.029167
10 0.051953 0.324306 0.016406 0.029167
10 0.185938 0.284722 0.006250 0.055556
10 0.494141 0.229167 0.005469 0.041667
10 0.562891 0.227778 0.005469 0.038889
10 0.332813 0.280556 0.006250 0.061111
10 0.562500 0.379167 0.006250 0.038889
10 0.562109 0.303472 0.005469 0.037500
10 0.493750 0.306944 0.006250 0.044444
10 0.102934 0.326654 0.006083 0.050254
10 0.493678 0.383270 0.006799 0.042621