10 0.823828 0.497917 0.030469 0.393056
3 0.708984 0.787500 0.033594 0.388889
3 0.285547 0.437500 0.155469 0.255556
3 0.124609 0.427778 0.146094 0.297222
6 0.152195 0.623410 0.020754 0.035623
6 0.184041 0.626590 0.020038 0.034351
6 0.216245 0.615140 0.022901 0.036896
6 0.248807 0.620865 0.019323 0.030534
6 0.776598 0.743003 0.021469 0.030534
6 0.810949 0.740458 0.017176 0.033079
6 0.861403 0.733461 0.020754 0.029262
6 0.825262 0.726463 0.014313 0.022901
6 0.763717 0.120229 0.024332 0.039440
6 0.742963 0.989186 0.031489 0.021628
6 0.686427 0.114504 0.022901 0.033079