10 0.259375 0.289583 0.020313 0.043056
10 0.281641 0.289583 0.024219 0.045833
10 0.059375 0.150000 0.018750 0.036111
10 0.044531 0.150000 0.015625 0.036111
10 0.114062 0.146528 0.006250 0.051389
10 0.631250 0.518750 0.006250 0.043056
10 0.558203 0.511806 0.008594 0.043056
10 0.193750 0.285417 0.007813 0.065278
10 0.635547 0.356250 0.007031 0.043056
10 0.357812 0.291667 0.007813 0.069444
10 0.560156 0.433333 0.007813 0.041667
10 0.633813 0.438224 0.007156 0.042409
10 0.563043 0.350933 0.006361 0.036047