3 0.513672 0.369444 0.124219 0.227778
3 0.392188 0.368750 0.107813 0.223611
3 0.920703 0.352083 0.030469 0.309722
3 0.003906 0.337500 0.007812 0.294444
10 0.423577 0.661879 0.009756 0.086721
10 0.417886 0.825926 0.013008 0.062150
6 0.881707 0.552033 0.020325 0.034688
6 0.937805 0.554923 0.020325 0.023126
6 0.964634 0.551310 0.017073 0.027462
6 0.910569 0.554923 0.017886 0.034688
6 0.494309 0.524571 0.021138 0.023126
6 0.470325 0.526016 0.013821 0.028907
6 0.435366 0.526016 0.020325 0.031798
6 0.408943 0.518790 0.019512 0.028907
6 0.044309 0.529630 0.020325 0.021680
6 0.023984 0.531075 0.020325 0.021680