10 0.178516 0.189583 0.016406 0.031944
10 0.164063 0.188889 0.014063 0.030556
10 0.120313 0.189583 0.006250 0.040278
10 0.224219 0.187500 0.004687 0.044444
10 0.596875 0.484028 0.007813 0.037500
10 0.598047 0.422917 0.007031 0.034722
10 0.655557 0.491034 0.005793 0.034533
10 0.656920 0.430147 0.006475 0.036350
10 0.658283 0.363807 0.007838 0.035745
10 0.600691 0.360778 0.007156 0.035745
10 0.440522 0.309887 0.006475 0.050285
10 0.380032 0.311099 0.019084 0.033321
10 0.361971 0.313219 0.017721 0.038774
10 0.304719 0.306555 0.007497 0.049679