3 0.515625 0.411806 0.067187 0.101389
3 0.446875 0.413194 0.064062 0.098611
3 0.224609 0.405556 0.013281 0.141667
3 0.740234 0.378472 0.013281 0.140278
6 0.467907 0.479779 0.005744 0.013480
6 0.481350 0.476920 0.007812 0.015931
6 0.496170 0.472426 0.008042 0.014297
6 0.727328 0.475082 0.006664 0.013889
6 0.740311 0.476511 0.006434 0.019199
6 0.754328 0.469567 0.008272 0.015114
6 0.239622 0.494894 0.007353 0.012663
6 0.226409 0.498979 0.011259 0.015931
6 0.211014 0.501430 0.006204 0.015931
8 0.755783 0.789420 0.015797 0.018382
8 0.761384 0.954861 0.015510 0.011234
8 0.990088 0.782921 0.015667 0.019496