3 0.479297 0.806250 0.013281 0.098611
3 0.676172 0.922222 0.016406 0.108333
3 0.700391 0.812500 0.035156 0.052778
3 0.273047 0.686806 0.058594 0.048611
10 0.544567 0.316130 0.006223 0.052550
10 0.479537 0.299812 0.006223 0.047572
10 0.450911 0.285430 0.028004 0.021020
10 0.521386 0.301471 0.030182 0.019914
10 0.391792 0.263857 0.028626 0.017701
3 0.122182 0.154660 0.044728 0.050095
3 0.129562 0.105757 0.038019 0.030216
3 0.192405 0.086275 0.033099 0.015108
3 0.208284 0.107347 0.043386 0.017494
3 0.205376 0.127226 0.049201 0.020674
3 0.416045 0.797551 0.058146 0.069975
3 0.624358 0.906733 0.067161 0.071443
10 0.520754 0.702290 0.039361 0.040712
10 0.362238 0.629135 0.041508 0.052163