10 0.345703 0.345833 0.008594 0.052778
10 0.278906 0.344444 0.018750 0.038889
10 0.259766 0.344444 0.019531 0.038889
10 0.201172 0.334722 0.007031 0.050000
10 0.571484 0.304861 0.007031 0.051389
10 0.641406 0.309028 0.020313 0.037500
10 0.665625 0.312500 0.023438 0.038889
10 0.741406 0.313889 0.007813 0.055556
10 0.914587 0.312709 0.006780 0.033481
10 0.987658 0.316727 0.006780 0.033481
10 0.986152 0.388041 0.007533 0.030133
10 0.983703 0.456341 0.008663 0.028793
10 0.909313 0.451654 0.008286 0.034150
10 0.912138 0.378666 0.007156 0.032811