4 0.445703 0.393056 0.013281 0.125000
4 0.245312 0.407639 0.046875 0.093056
3 0.291406 0.409028 0.046875 0.095833
3 0.912891 0.871528 0.013281 0.134722
3 0.095312 0.406250 0.012500 0.120833
6 0.468502 0.486906 0.008946 0.013253
6 0.458960 0.490087 0.007753 0.015373
6 0.433912 0.472593 0.008349 0.010072
6 0.423624 0.472593 0.011033 0.009012
6 0.292571 0.482135 0.009542 0.015373
6 0.282433 0.483991 0.011331 0.018024
6 0.255149 0.468352 0.009244 0.007952
6 0.243967 0.468087 0.009542 0.012723
6 0.121114 0.496183 0.006560 0.012723
6 0.112019 0.499364 0.010437 0.014843
6 0.080113 0.481075 0.008647 0.014313
6 0.072956 0.483726 0.014015 0.014313
6 0.933375 0.961885 0.008349 0.013253
6 0.921149 0.959765 0.008349 0.012193
6 0.904451 0.957114 0.008349 0.009012
6 0.891331 0.955789 0.010138 0.010602