10 0.567987 0.486641 0.013597 0.072519
10 0.472090 0.458651 0.012166 0.069975
10 0.429866 0.441476 0.046517 0.038168
10 0.344346 0.412850 0.042939 0.024173
3 0.156846 0.269084 0.068702 0.036896
3 0.137882 0.223919 0.065124 0.022901
3 0.106035 0.190204 0.034351 0.019084
3 0.010794 0.208651 0.021588 0.035623
3 0.011868 0.256997 0.023736 0.035623
3 0.030475 0.306616 0.060949 0.061069
10 0.580153 0.434478 0.017891 0.021628
10 0.542939 0.459924 0.037929 0.026718
10 0.703949 0.112989 0.005793 0.032110
10 0.805673 0.115413 0.004771 0.033321
10 0.762052 0.114201 0.016358 0.024839
10 0.747739 0.116018 0.013631 0.023628