10 0.350781 0.272917 0.020313 0.031944
10 0.501172 0.328472 0.005469 0.037500
10 0.500781 0.178472 0.004687 0.034722
10 0.332813 0.273611 0.017188 0.030556
10 0.500391 0.254167 0.005469 0.036111
10 0.413672 0.262500 0.005469 0.050000
10 0.192969 0.254861 0.017188 0.026389
10 0.564844 0.174306 0.006250 0.037500
10 0.239453 0.250000 0.005469 0.041667
10 0.178906 0.254167 0.017188 0.027778
10 0.276562 0.272917 0.006250 0.043056
10 0.133203 0.259028 0.005469 0.037500
10 0.565204 0.251908 0.006202 0.039016
10 0.564965 0.329517 0.008588 0.044953