3 0.574219 0.413194 0.104688 0.181944
3 0.472266 0.410417 0.097656 0.195833
3 0.951172 0.323611 0.042969 0.091667
3 0.138281 0.368056 0.021875 0.250000
3 0.787109 0.312500 0.013281 0.108333
3 0.916016 0.411111 0.019531 0.238889
3 0.985156 0.340278 0.029687 0.058333
6 0.546279 0.529926 0.011513 0.018807
6 0.522787 0.534351 0.011824 0.022126
6 0.501628 0.531862 0.009335 0.022679
6 0.162532 0.522053 0.009065 0.021204
6 0.140108 0.525445 0.014790 0.022901
6 0.114871 0.527990 0.010459 0.026424
6 0.899057 0.571540 0.008808 0.029360
6 0.920251 0.566647 0.011560 0.031317