1 0.702344 0.197917 0.007813 0.012500
1 0.672266 0.237500 0.005469 0.011111
1 0.135547 0.280556 0.007031 0.016667
10 0.539844 0.147917 0.012500 0.062500
10 0.456641 0.141667 0.027344 0.044444
10 0.430078 0.143750 0.027344 0.037500
10 0.374609 0.350000 0.008594 0.058333
10 0.829297 0.265972 0.005469 0.037500
10 0.756641 0.261111 0.005469 0.038889
10 0.756641 0.337500 0.005469 0.036111
10 0.828516 0.343750 0.007031 0.040278
10 0.827344 0.421528 0.007813 0.034722
10 0.756641 0.415972 0.008594 0.034722
10 0.044141 0.324306 0.007031 0.059722