10 0.495312 0.173611 0.025000 0.041667
10 0.614062 0.179167 0.009375 0.063889
10 0.523828 0.170833 0.027344 0.038889
1 0.702734 0.263194 0.008594 0.015278
1 0.750391 0.220139 0.011719 0.018056
10 0.918359 0.299306 0.005469 0.040278
10 0.839063 0.298611 0.006250 0.038889
10 0.836719 0.381250 0.006250 0.040278
10 0.917578 0.382639 0.007031 0.040278
10 0.916406 0.465278 0.006250 0.036111
10 0.835938 0.463889 0.006250 0.038889
1 0.095312 0.310417 0.014063 0.023611
10 0.428435 0.382316 0.012166 0.072519
10 0.060592 0.357506 0.013597 0.068702