1 0.227344 0.268750 0.014063 0.023611
10 0.401749 0.337980 0.005601 0.042040
10 0.348386 0.341022 0.016491 0.030424
10 0.331428 0.341299 0.014313 0.028764
10 0.281022 0.340192 0.005601 0.040934
10 0.275266 0.337150 0.003423 0.032636
10 0.237927 0.339086 0.012757 0.023233
10 0.225015 0.341299 0.009335 0.021020
10 0.189077 0.338810 0.005290 0.029317
10 0.573971 0.343511 0.005290 0.028764
10 0.571949 0.404912 0.004978 0.027658
10 0.571482 0.466313 0.005290 0.032083
10 0.515475 0.462717 0.004667 0.030424
10 0.515786 0.403529 0.005912 0.028211
10 0.517030 0.342682 0.005290 0.028211