10 0.539453 0.260417 0.005469 0.031944
10 0.539453 0.197917 0.005469 0.029167
10 0.460547 0.268056 0.005469 0.041667
10 0.408203 0.273611 0.017969 0.033333
10 0.259766 0.259028 0.016406 0.029167
10 0.539453 0.322222 0.005469 0.033333
10 0.391797 0.275000 0.016406 0.030556
10 0.245703 0.260417 0.016406 0.026389
10 0.342981 0.277778 0.006759 0.042409
10 0.302627 0.253746 0.006361 0.033927
10 0.207406 0.262581 0.005964 0.036047
10 0.591868 0.321600 0.005169 0.029686
10 0.592266 0.197908 0.004373 0.031100
10 0.592067 0.261874 0.007156 0.036047