3 0.693359 0.247917 0.016406 0.112500
3 0.881641 0.204861 0.024219 0.126389
3 0.880078 0.522917 0.019531 0.143056
3 0.835156 0.523611 0.012500 0.108333
3 0.694141 0.502083 0.017969 0.115278
3 0.874219 0.817361 0.017188 0.134722
6 0.660236 0.295271 0.017891 0.015903
6 0.730906 0.312235 0.017295 0.019084
6 0.846901 0.277513 0.019680 0.017494
6 0.920404 0.296067 0.018786 0.020674
6 0.838850 0.596904 0.022066 0.018024
6 0.653676 0.559266 0.020873 0.020144
6 0.913098 0.597169 0.019084 0.020674
3 0.421851 0.388804 0.007156 0.071247
3 0.342414 0.393384 0.005725 0.059033
3 0.372471 0.394402 0.009733 0.039695
4 0.383922 0.395674 0.014313 0.044275
3 0.716985 0.511196 0.021469 0.068702