3 0.176172 0.146528 0.013281 0.093056
3 0.024219 0.157639 0.017188 0.093056
3 0.025391 0.343056 0.010156 0.086111
3 0.175391 0.350000 0.014844 0.097222
3 0.178906 0.543056 0.009375 0.097222
3 0.030859 0.530556 0.014844 0.088889
6 0.156649 0.602110 0.011324 0.013937
6 0.196138 0.590496 0.010743 0.011356
6 0.156504 0.394083 0.011614 0.014970
6 0.196429 0.398213 0.014808 0.013937
6 0.196138 0.207736 0.011324 0.020132
6 0.155197 0.190444 0.013647 0.014453
6 0.047764 0.212124 0.011905 0.019615
6 0.052991 0.576816 0.011324 0.013937
6 0.004646 0.586366 0.009292 0.018583