3 0.425391 0.464583 0.110156 0.151389
3 0.541797 0.460417 0.111719 0.151389
3 0.054297 0.444444 0.022656 0.238889
3 0.925391 0.420833 0.022656 0.238889
6 0.949778 0.605822 0.014313 0.029187
6 0.927677 0.611435 0.011366 0.028439
6 0.922415 0.573267 0.009261 0.022452
6 0.902209 0.574016 0.011787 0.016465
6 0.510075 0.599835 0.013892 0.036671
6 0.485659 0.596468 0.013050 0.034426
6 0.460190 0.562042 0.015997 0.028439
6 0.082791 0.635384 0.009682 0.035923
6 0.061111 0.638003 0.021048 0.032181
6 0.049955 0.596842 0.016418 0.027690
6 0.026802 0.601332 0.016418 0.020207