3 0.271484 0.407639 0.049219 0.087500
3 0.223828 0.407639 0.042969 0.084722
3 0.887109 0.546528 0.055469 0.106944
3 0.945313 0.543056 0.060937 0.119444
3 0.702734 0.533333 0.019531 0.150000
3 0.431250 0.407639 0.017188 0.137500
3 0.066797 0.398611 0.010156 0.130556
6 0.414372 0.484862 0.009441 0.010257
6 0.424338 0.486260 0.008917 0.009325
6 0.256622 0.476236 0.009704 0.017251
6 0.268030 0.475770 0.009441 0.015386
6 0.237870 0.471574 0.008392 0.011656
6 0.229347 0.467378 0.010753 0.008859
6 0.088513 0.478334 0.008655 0.013987
6 0.079334 0.479966 0.008130 0.013521
6 0.055862 0.475304 0.007343 0.013521