3 0.222656 0.463889 0.070313 0.125000
3 0.292187 0.464583 0.067187 0.120833
3 0.517188 0.459028 0.018750 0.170833
3 0.005469 0.443750 0.010938 0.162500
3 0.993750 0.222222 0.012500 0.116667
6 0.498828 0.563115 0.008712 0.013276
6 0.512519 0.565328 0.007468 0.014382
6 0.521542 0.562286 0.008090 0.011616
6 0.533833 0.560350 0.009646 0.013276
6 0.277755 0.543755 0.010268 0.013276
6 0.263908 0.541542 0.008712 0.012169
6 0.251307 0.545414 0.010890 0.014382
6 0.237772 0.545414 0.011824 0.012169
6 0.023606 0.545749 0.012524 0.013253
6 0.010039 0.547339 0.011629 0.016433