3 0.524219 0.412500 0.085938 0.150000
3 0.436328 0.406250 0.083594 0.156944
3 0.882813 0.411806 0.020313 0.201389
3 0.084766 0.378472 0.030469 0.198611
6 0.059140 0.515267 0.013120 0.025445
6 0.086275 0.552905 0.011331 0.037108
6 0.103272 0.552375 0.010735 0.033927
6 0.498668 0.539652 0.014313 0.033927
6 0.481373 0.544423 0.011927 0.037108
6 0.459307 0.502545 0.013120 0.025445
6 0.899962 0.585828 0.014182 0.030635
6 0.882733 0.583121 0.010735 0.029686
6 0.882024 0.542219 0.010960 0.022432
6 0.864680 0.540712 0.009416 0.019419
6 0.477288 0.501540 0.012806 0.018749
6 0.075848 0.514978 0.011060 0.019084