3 0.272266 0.313889 0.007031 0.097222
3 0.437891 0.301389 0.013281 0.094444
3 0.439844 0.495139 0.012500 0.087500
3 0.440234 0.685417 0.013281 0.087500
3 0.274609 0.675000 0.011719 0.083333
3 0.274977 0.491481 0.012455 0.085740
6 0.428935 0.744275 0.008520 0.011511
6 0.451086 0.731855 0.010564 0.008482
6 0.451256 0.543136 0.008860 0.011511
6 0.428083 0.547074 0.008179 0.012117
6 0.288531 0.540712 0.009201 0.010299
6 0.258542 0.544348 0.011927 0.010299
6 0.260928 0.736399 0.009201 0.011511
6 0.290235 0.725494 0.009883 0.006664
6 0.451298 0.355564 0.007533 0.012053
6 0.428322 0.350877 0.007533 0.008035
6 0.287829 0.357239 0.009793 0.011383
6 0.256755 0.353890 0.009416 0.011383