3 0.140234 0.390278 0.027344 0.261111
3 0.611719 0.393056 0.106250 0.202778
3 0.497266 0.397222 0.108594 0.191667
3 0.984375 0.375694 0.026562 0.254167
10 0.833594 0.206250 0.057813 0.112500
10 0.625781 0.200000 0.017188 0.152778
10 0.889844 0.216667 0.056250 0.094444
6 0.116728 0.560662 0.014476 0.023284
6 0.168773 0.546569 0.016544 0.022059
6 0.140855 0.563725 0.013097 0.024510
6 0.532744 0.537990 0.016544 0.026961
6 0.557560 0.539216 0.013787 0.029412
6 0.580997 0.527574 0.016544 0.023284
6 0.963925 0.556985 0.014476 0.020833
6 0.986673 0.556985 0.014476 0.028186
6 0.863245 0.284765 0.010521 0.017415
6 0.850547 0.283475 0.011973 0.013545