3 0.464844 0.419444 0.056250 0.119444
3 0.524219 0.421528 0.059375 0.118056
3 0.724219 0.402778 0.014063 0.169444
3 0.286328 0.417361 0.016406 0.168056
6 0.309121 0.526930 0.015208 0.016964
6 0.322986 0.525339 0.013717 0.019084
6 0.460003 0.502545 0.016997 0.011662
6 0.474763 0.499894 0.015506 0.014843
6 0.519342 0.509436 0.013418 0.018024
6 0.532164 0.510231 0.014611 0.019614
6 0.693782 0.508906 0.015804 0.015903
6 0.259025 0.520833 0.015804 0.023855
6 0.749692 0.513942 0.013120 0.014313
6 0.764601 0.513677 0.016698 0.014843