3 0.383984 0.361111 0.061719 0.119444
3 0.450391 0.367361 0.064844 0.115278
3 0.666797 0.373611 0.022656 0.166667
3 0.178906 0.340972 0.020313 0.168056
6 0.689229 0.486641 0.011450 0.015267
6 0.676885 0.487277 0.013240 0.015267
6 0.655773 0.478053 0.013240 0.012087
6 0.640386 0.477099 0.012524 0.012723
6 0.440899 0.453244 0.012166 0.017176
6 0.427123 0.455153 0.011808 0.015903
6 0.405833 0.446565 0.013597 0.012723
6 0.202767 0.450064 0.015386 0.015903
6 0.190064 0.451018 0.012166 0.017812
6 0.151240 0.442748 0.013955 0.017812
6 0.393845 0.446883 0.013955 0.013359