3 0.982812 0.074306 0.020313 0.148612
3 0.694531 0.039583 0.079687 0.079166
3 0.617969 0.043056 0.070313 0.086112
3 0.410156 0.671528 0.025000 0.176389
1 0.220312 0.679861 0.020313 0.037500
6 0.429597 0.788251 0.012757 0.014382
6 0.444688 0.784655 0.013068 0.020467
6 0.408905 0.782719 0.011201 0.018807
6 0.392414 0.786038 0.009335 0.021020
6 0.630213 0.109556 0.011397 0.015550
6 0.647574 0.110734 0.010072 0.015079
6 0.662549 0.115682 0.008747 0.016492
6 0.678585 0.115211 0.010072 0.019320
6 0.953841 0.174936 0.008946 0.017812
6 0.970301 0.178117 0.009661 0.019084
6 0.981035 0.179071 0.011093 0.014631
6 0.996690 0.180344 0.006620 0.018448