3 0.316406 0.357639 0.020313 0.140278
3 0.312891 0.686111 0.019531 0.141667
3 0.317578 0.048611 0.027344 0.097222
3 0.015234 0.352083 0.019531 0.148611
3 0.016406 0.046528 0.023438 0.093056
3 0.010547 0.681944 0.016406 0.138889
6 0.292183 0.465041 0.012698 0.015480
6 0.332273 0.447626 0.012336 0.016770
6 0.328282 0.771414 0.010884 0.016770
6 0.294904 0.791086 0.012336 0.019995
6 0.340436 0.124807 0.013424 0.018705
6 0.304155 0.116099 0.012698 0.016770
6 0.038942 0.113842 0.017778 0.023865
6 0.038035 0.437951 0.013061 0.018060
6 0.033681 0.761739 0.016689 0.018060