4 0.684766 0.256250 0.077344 0.173611
3 0.958984 0.202778 0.022656 0.252778
3 0.606250 0.267361 0.071875 0.151389
3 0.385937 0.278472 0.018750 0.201389
6 0.323175 0.426209 0.021469 0.022901
6 0.600340 0.387086 0.023319 0.024809
6 0.689438 0.404898 0.020336 0.027354
6 0.893345 0.374339 0.020231 0.028381
6 0.423068 0.438931 0.027195 0.027990
6 0.443464 0.441476 0.020754 0.022901
6 0.581882 0.382634 0.017891 0.018448
6 0.706763 0.401081 0.023616 0.022265
6 0.339993 0.424936 0.023616 0.015267
6 0.911718 0.368957 0.024222 0.019573