3 0.147656 0.051389 0.017188 0.102778
3 0.147266 0.292361 0.011719 0.101389
3 0.149219 0.515278 0.015625 0.105556
6 0.120678 0.596842 0.015576 0.023200
6 0.178351 0.577384 0.013050 0.017213
6 0.175615 0.352866 0.016839 0.015716
6 0.117310 0.353989 0.018944 0.017961
6 0.177509 0.118246 0.015576 0.025445
6 0.117310 0.105523 0.019786 0.016465
6 0.020277 0.131343 0.015997 0.026194
10 0.391937 0.325700 0.007872 0.063613
10 0.323593 0.328244 0.024332 0.043257
10 0.301050 0.332061 0.020754 0.043257
10 0.238430 0.316158 0.010019 0.044529