3 0.914063 0.343056 0.059375 0.108333
3 0.084375 0.451389 0.050000 0.100000
3 0.322266 0.443750 0.013281 0.134722
3 0.723047 0.338194 0.014844 0.143056
3 0.139453 0.454861 0.055469 0.098611
3 0.973437 0.342361 0.053125 0.109722
6 0.338456 0.535260 0.008860 0.010299
6 0.319543 0.532837 0.007156 0.010299
6 0.306763 0.532534 0.007497 0.013328
6 0.121206 0.527384 0.009201 0.012723
6 0.111323 0.524961 0.007838 0.011511
6 0.101100 0.525869 0.010564 0.014540
6 0.722567 0.427990 0.009160 0.010178
6 0.709399 0.429517 0.010305 0.010178
6 0.941412 0.420102 0.011164 0.012723
6 0.931107 0.414249 0.012309 0.017303