3 0.689063 0.406944 0.128125 0.236111
3 0.092969 0.177083 0.025000 0.248611
3 0.553125 0.406250 0.126562 0.243056
3 0.125000 0.384722 0.026562 0.325000
6 0.666917 0.600236 0.024025 0.031807
6 0.639313 0.597056 0.018914 0.038168
6 0.599441 0.572519 0.020958 0.027263
6 0.570815 0.572973 0.019936 0.028172
6 0.073695 0.333515 0.019425 0.019993
6 0.112289 0.358506 0.013802 0.024537
6 0.175675 0.620229 0.021981 0.031807
6 0.148327 0.621592 0.023514 0.034533
6 0.097720 0.593875 0.022492 0.020901
6 0.071139 0.593875 0.022492 0.019084
6 0.054270 0.334424 0.015335 0.018175