3 0.856641 0.504861 0.086719 0.159722
3 0.167578 0.718056 0.188281 0.341667
3 0.747266 0.704167 0.028906 0.419444
10 0.489063 0.486806 0.018750 0.206944
3 0.780859 0.513889 0.067969 0.119444
3 0.032422 0.809722 0.064844 0.144444
6 0.512231 0.627747 0.013988 0.019084
6 0.495153 0.628036 0.009759 0.016192
6 0.484581 0.621675 0.010084 0.017349
6 0.466690 0.622831 0.011385 0.018506
6 0.122853 0.942922 0.019192 0.035276
6 0.086583 0.945235 0.017566 0.029493
6 0.058933 0.943789 0.022120 0.027759
6 0.022500 0.945524 0.022120 0.033542
6 0.701715 0.973861 0.019518 0.028915
6 0.741239 0.974150 0.015939 0.031807
6 0.759130 0.974728 0.018542 0.029493
6 0.796702 0.971837 0.020168 0.027180
6 0.838339 0.608663 0.007156 0.019084
6 0.821749 0.610976 0.009108 0.019084
6 0.813942 0.605482 0.007807 0.016192
6 0.794262 0.601145 0.011385 0.016771