10 0.410547 0.252083 0.021094 0.034722
10 0.685547 0.281250 0.019531 0.040278
10 0.393359 0.250000 0.016406 0.036111
10 0.703906 0.282639 0.020313 0.037500
10 0.342969 0.242361 0.007813 0.048611
10 0.624609 0.272917 0.008594 0.051389
10 0.467187 0.260417 0.007813 0.051389
10 0.767045 0.291224 0.008117 0.049193
10 0.933811 0.209891 0.007379 0.029516
10 0.927907 0.279090 0.008855 0.032795
10 0.922927 0.349928 0.008486 0.032795
10 0.987124 0.355503 0.007010 0.030828
10 0.992658 0.281385 0.009224 0.028204