3 0.410938 0.473611 0.076563 0.141667
3 0.490625 0.477778 0.076563 0.138889
3 0.756250 0.472917 0.020313 0.198611
3 0.157812 0.464583 0.021875 0.195833
6 0.777672 0.603656 0.010923 0.016740
6 0.761287 0.604326 0.012053 0.019419
6 0.746221 0.595956 0.011300 0.014731
6 0.730213 0.596290 0.007910 0.010044
6 0.478041 0.584572 0.012053 0.022767
6 0.460715 0.584237 0.010546 0.015401
6 0.441128 0.571180 0.011300 0.014731
6 0.423802 0.572854 0.012806 0.012723
6 0.187148 0.591906 0.010905 0.015752
6 0.169938 0.591603 0.010564 0.019993
6 0.146254 0.579789 0.016358 0.015752
6 0.130407 0.581910 0.016698 0.013934