3 0.285547 0.300000 0.021094 0.186111
3 0.595313 0.315278 0.073438 0.130556
3 0.842578 0.307639 0.017969 0.181944
3 0.522656 0.310417 0.068750 0.137500
6 0.310147 0.420168 0.009191 0.015173
6 0.264027 0.413457 0.010832 0.011088
6 0.278799 0.412582 0.010832 0.016340
6 0.295212 0.421627 0.008206 0.015756
6 0.538286 0.406454 0.010504 0.016923
6 0.553057 0.408497 0.011817 0.017507
6 0.567172 0.414624 0.008535 0.013422
6 0.581615 0.414332 0.010504 0.018674
6 0.863095 0.431548 0.008863 0.018091
6 0.849144 0.432131 0.010504 0.019258
6 0.835850 0.426004 0.010832 0.017507
6 0.819930 0.424545 0.009848 0.018091