4 0.291406 0.343056 0.098437 0.113889
3 0.566797 0.334722 0.117969 0.119444
3 0.472656 0.282639 0.054688 0.209722
3 0.208594 0.294444 0.053125 0.183333
3 0.038672 0.363194 0.077344 0.093056
8 0.465046 0.638811 0.009416 0.017410
8 0.274269 0.638476 0.010546 0.018080
8 0.660162 0.650891 0.009733 0.015267
8 0.639552 0.761069 0.006298 0.011705
10 0.505439 0.587023 0.004866 0.042239
10 0.626956 0.585496 0.003435 0.040204
10 0.574714 0.588550 0.015744 0.029008
10 0.558111 0.588804 0.015744 0.028499
10 0.906563 0.580670 0.004696 0.038566
10 0.848864 0.582061 0.018562 0.029421
10 0.829631 0.584248 0.016773 0.027433
10 0.772714 0.581862 0.004026 0.040951