3 0.602734 0.088889 0.108594 0.172222
3 0.500391 0.093056 0.097656 0.186112
3 0.167969 0.081944 0.018750 0.163888
3 0.944922 0.106944 0.022656 0.213888
3 0.737109 0.575000 0.014844 0.136111
8 0.881083 0.550891 0.021469 0.035623
8 0.628459 0.531807 0.014313 0.030534
8 0.746541 0.849237 0.017176 0.029262
8 0.696803 0.751272 0.017891 0.031807
8 0.434518 0.505725 0.022901 0.039440
8 0.288526 0.519084 0.018607 0.035623
8 0.902195 0.762087 0.013597 0.022901
8 0.835639 0.896947 0.012166 0.022901
8 0.979843 0.564885 0.018607 0.033079