3 0.290234 0.679861 0.089844 0.043056
3 0.364453 0.755556 0.013281 0.133333
3 0.444141 0.762500 0.025781 0.069444
3 0.473438 0.750000 0.031250 0.091667
3 0.521484 0.695139 0.057031 0.062500
3 0.617578 0.686806 0.061719 0.059722
10 0.558984 0.726389 0.011719 0.133333
3 0.427734 0.701389 0.057031 0.052778
3 0.742188 0.920139 0.073438 0.023611
3 0.812891 0.962500 0.010156 0.075000
10 0.804297 0.904861 0.055469 0.029167
10 0.382422 0.670833 0.082031 0.030556
10 0.483984 0.666667 0.080469 0.030556
3 0.990692 0.909934 0.018616 0.030216
3 0.936655 0.938295 0.058445 0.054071
3 0.868967 0.949958 0.062023 0.055131