3 0.678516 0.415278 0.058594 0.097222
3 0.640234 0.450694 0.010156 0.156944
3 0.385937 0.525000 0.010937 0.166667
3 0.433594 0.492361 0.054688 0.084722
3 0.138672 0.562500 0.050781 0.094444
3 0.059375 0.506944 0.071875 0.044444
10 0.592319 0.362595 0.062261 0.027990
10 0.328244 0.422392 0.073712 0.033079
8 0.593847 0.520833 0.013787 0.019796
8 0.674049 0.558305 0.011931 0.023096
8 0.423369 0.650924 0.015378 0.025452
8 0.128950 0.722456 0.017069 0.025677
8 0.094319 0.731793 0.015428 0.026844
8 0.062150 0.672561 0.018711 0.026261