5 0.732422 0.797917 0.052344 0.062500
3 0.646484 0.825000 0.108594 0.050000
3 0.746094 0.927778 0.021875 0.141667
3 0.527344 0.659722 0.112500 0.058333
3 0.471094 0.438194 0.073438 0.045833
3 0.386719 0.543056 0.025000 0.183333
3 0.426563 0.544444 0.020313 0.188889
3 0.301563 0.491667 0.106250 0.105556
3 0.275000 0.397222 0.026562 0.177778
3 0.160547 0.363889 0.108594 0.113889
3 0.038672 0.227083 0.077344 0.090278
3 0.927600 0.985369 0.060115 0.029262
3 0.799141 0.990458 0.073712 0.019084
10 0.800930 0.818702 0.044370 0.039440
10 0.333254 0.293893 0.070849 0.050891
10 0.203364 0.169847 0.048664 0.039440