3 0.373437 0.361111 0.098437 0.180556
3 0.280078 0.350694 0.077344 0.179167
10 0.828125 0.790278 0.039063 0.419444
3 0.972266 0.328472 0.055468 0.159722
10 0.658755 0.382289 0.026240 0.250689
3 0.006641 0.320394 0.013282 0.226897
6 0.373092 0.475509 0.013240 0.017176
6 0.337309 0.469148 0.011093 0.017176
6 0.304568 0.454835 0.012166 0.016539
6 0.271112 0.454198 0.011093 0.015267
6 0.267712 0.522265 0.012882 0.017812
6 0.301885 0.523537 0.013955 0.016539
6 0.603709 0.520992 0.011450 0.017812
6 0.639134 0.524173 0.012166 0.019084
6 0.636808 0.593511 0.010377 0.011450